JOURNAL_ID|ITEM_NO|MAT_ID|VOLUME|QTY|PRICE|VALUE|DC_PRICE|DC_VALUE|TRANS_NO|HOSE_ID|PUMP_ID|TANK_ID|IS_OFFLINE
2055849|1|500028|11.0170|11.0170|27.2300|300.0000|0.0000|0.0000|2047824|5|2|3|False
2055850|1|500018|1.8190|1.8190|27.5000|50.0000|0.0000|0.0000|2047825|10|4|2|False
2055851|1|500018|10.9090|10.9090|27.5000|300.0000|0.0000|0.0000|2047827|10|4|2|False
2055852|1|500028|3.4900|3.4900|27.2300|95.0000|0.0000|0.0000|2047826|8|3|3|False
2055853|1|500028|2.5710|2.5710|27.2300|70.0000|0.0000|0.0000|2047823|8|3|3|False
2055854|1|500028|3.6720|3.6720|27.2300|100.0000|0.0000|0.0000|2047828|8|3|3|False
2055855|1|500018|6.5450|6.5450|27.5000|180.0000|0.0000|0.0000|2047830|7|3|2|False
2055856|1|500028|2.5710|2.5710|27.2300|70.0000|0.0000|0.0000|2047829|8|3|3|False
2055857|1|500031|39.1540|39.1540|25.5400|1000.0000|0.0000|0.0000|2047831|6|2|1|False
2055858|1|500020|29.6120|29.6120|24.9900|740.0000|0.0000|0.0000|2047832|17|6|5|False
2055859|1|500028|36.3570|36.3570|27.2300|990.0000|0.0000|0.0000|2047833|5|2|3|False
2055860|1|500020|20.0080|20.0080|24.9900|500.0000|0.0000|0.0000|2047834|14|5|5|False
2055861|1|500028|0.7340|0.7340|27.2300|20.0000|0.0000|0.0000|2047835|8|3|3|False
2055862|1|500020|46.0190|46.0190|24.9900|1150.0000|0.0000|0.0000|2047836|14|5|5|False
2055863|1|500018|2.1810|2.1810|27.5000|60.0000|0.0000|0.0000|2047837|7|3|2|False
2055864|1|500018|1.4550|1.4550|27.5000|40.0000|0.0000|0.0000|2047840|7|3|2|False
2055865|1|500018|1.8180|1.8180|27.5000|50.0000|0.0000|0.0000|2047839|7|3|2|False
2055866|1|500018|2.1820|2.1820|27.5000|60.0000|0.0000|0.0000|2047841|7|3|2|False
2055867|1|500028|38.9290|38.9290|27.2300|1060.0000|0.0000|0.0000|2047838|5|2|3|False
2055868|1|500028|2.7530|2.7530|27.2300|75.0000|0.0000|0.0000|2047844|8|3|3|False
2055869|1|500018|1.4550|1.4550|27.5000|40.0000|0.0000|0.0000|2047843|7|3|2|False
2055870|1|500020|8.0030|8.0030|24.9900|200.0000|0.0000|0.0000|2047842|17|6|5|False
2055871|1|500018|3.6360|3.6360|27.5000|100.0000|0.0000|0.0000|2047845|7|3|2|False
2055872|1|500018|1.8180|1.8180|27.5000|50.0000|0.0000|0.0000|2047846|7|3|2|False
2055873|1|500018|1.4550|1.4550|27.5000|40.0000|0.0000|0.0000|2047847|7|3|2|False
2055874|1|500018|2.9090|2.9090|27.5000|80.0000|0.0000|0.0000|2047848|10|4|2|False
2055875|1|500018|3.6360|3.6360|27.5000|100.0000|0.0000|0.0000|2047849|10|4|2|False
2055876|1|500018|3.2730|3.2730|27.5000|90.0000|0.0000|0.0000|2047850|7|3|2|False
2055877|1|500028|37.8250|37.8250|27.2300|1030.0000|0.0000|0.0000|2047851|11|4|3|False
2055878|1|500018|2.9090|2.9090|27.5000|80.0000|0.0000|0.0000|2047853|7|3|2|False
2055879|1|500028|6.2430|6.2430|27.2300|170.0000|0.0000|0.0000|2047852|8|3|3|False
2055880|1|500018|1.8180|1.8180|27.5000|50.0000|0.0000|0.0000|2047855|7|3|2|False
2055881|1|500018|3.6360|3.6360|27.5000|100.0000|0.0000|0.0000|2047854|7|3|2|False
2055882|1|500018|2.7290|2.7290|27.5000|75.0000|0.0000|0.0000|2047856|7|3|2|False
2055883|1|500018|1.8180|1.8180|27.5000|50.0000|0.0000|0.0000|2047857|7|3|2|False
2055884|1|500018|1.8180|1.8180|27.5000|50.0000|0.0000|0.0000|2047858|7|3|2|False
2055885|1|500018|3.6360|3.6360|27.5000|100.0000|0.0000|0.0000|2047860|7|3|2|False
2055886|1|500018|2.1820|2.1820|27.5000|60.0000|0.0000|0.0000|2047859|7|3|2|False
2055887|1|500031|15.6620|15.6620|25.5400|400.0000|0.0000|0.0000|2047861|6|2|1|False
2055888|1|500028|1.8360|1.8360|27.2300|50.0000|0.0000|0.0000|2047862|8|3|3|False
2055889|1|500018|1.0910|1.0910|27.5000|30.0000|0.0000|0.0000|2047864|7|3|2|False
2055890|1|500028|18.3620|18.3620|27.2300|500.0000|0.0000|0.0000|2047863|5|2|3|False
2055891|1|500031|3.9150|3.9150|25.5400|100.0000|0.0000|0.0000|2047865|9|3|1|False
2055892|1|500018|1.8180|1.8180|27.5000|50.0000|0.0000|0.0000|2047867|7|3|2|False
2055893|1|500018|2.1820|2.1820|27.5000|60.0000|0.0000|0.0000|2047868|7|3|2|False
2055894|1|500028|1.8360|1.8360|27.2300|50.0000|0.0000|0.0000|2047866|8|3|3|False
2055895|1|500018|1.4550|1.4550|27.5000|40.0000|0.0000|0.0000|2047870|7|3|2|False
2055896|1|500028|2.5710|2.5710|27.2300|70.0000|0.0000|0.0000|2047869|8|3|3|False
2055897|1|500028|2.2030|2.2030|27.2300|60.0000|0.0000|0.0000|2047871|8|3|3|False
2055898|1|500028|1.4780|1.4780|27.2300|40.2000|0.0000|0.0000|2047872|8|3|3|False
2055899|1|500028|2.5710|2.5710|27.2300|70.0000|0.0000|0.0000|2047873|8|3|3|False
2055900|1|500028|2.2040|2.2040|27.2300|60.0000|0.0000|0.0000|2047875|8|3|3|False
2055901|1|500028|11.0170|11.0170|27.2300|300.0000|0.0000|0.0000|2047874|11|4|3|False
2055902|1|500018|2.1820|2.1820|27.5000|60.0000|0.0000|0.0000|2047876|7|3|2|False
2055903|1|500028|2.2040|2.2040|27.2300|60.0000|0.0000|0.0000|2047879|11|4|3|False
2055904|1|500028|1.4690|1.4690|27.2300|40.0000|0.0000|0.0000|2047878|8|3|3|False
2055905|1|500018|1.8180|1.8180|27.5000|50.0000|0.0000|0.0000|2047877|7|3|2|False
2055906|1|500018|1.2730|1.2730|27.5000|35.0000|0.0000|0.0000|2047880|7|3|2|False
2055907|1|500028|3.6730|3.6730|27.2300|100.0000|0.0000|0.0000|2047881|11|4|3|False
2055908|1|500018|2.1820|2.1820|27.5000|60.0000|0.0000|0.0000|2047882|7|3|2|False
2055909|1|500018|2.1820|2.1820|27.5000|60.0000|0.0000|0.0000|2047883|7|3|2|False
2055910|1|500031|19.5770|19.5770|25.5400|500.0000|0.0000|0.0000|2047884|9|3|1|False
2055911|1|500020|2.0010|2.0010|24.9900|50.0000|0.0000|0.0000|2047885|14|5|5|False
2055912|1|500018|2.0000|2.0000|27.5000|55.0000|0.0000|0.0000|2047886|7|3|2|False
2055913|1|500020|2.0010|2.0010|24.9900|50.0000|0.0000|0.0000|2047888|14|5|5|False
2055914|1|500018|10.9090|10.9090|27.5000|300.0000|0.0000|0.0000|2047887|4|2|2|False
2055915|1|500031|23.4930|23.4930|25.5400|600.0000|0.0000|0.0000|2047889|6|2|1|False
2055916|1|500028|3.6730|3.6730|27.2300|100.0000|0.0000|0.0000|2047890|11|4|3|False
2055917|1|500018|3.6370|3.6370|27.5000|100.0000|0.0000|0.0000|2047892|10|4|2|False
2055918|1|500031|19.5770|19.5770|25.5400|500.0000|0.0000|0.0000|2047891|18|6|1|False
2055919|1|500018|3.6360|3.6360|27.5000|100.0000|0.0000|0.0000|2047893|7|3|2|False
2055920|1|500028|4.2240|4.2240|27.2300|115.0000|0.0000|0.0000|2047894|8|3|3|False
2055921|1|500028|1.8360|1.8360|27.2300|50.0000|0.0000|0.0000|2047897|8|3|3|False
2055922|1|500028|4.0380|4.0380|27.2300|110.0000|0.0000|0.0000|2047896|8|3|3|False
2055923|1|500018|18.1820|18.1820|27.5000|500.0000|0.0000|0.0000|2047895|4|2|2|False
2055924|1|500018|38.5450|38.5450|27.5000|1060.0000|0.0000|0.0000|2047898|10|4|2|False
2055925|1|500031|7.8310|7.8310|25.5400|200.0000|0.0000|0.0000|2047899|18|6|1|False
2055926|1|500018|10.9090|10.9090|27.5000|300.0000|0.0000|0.0000|2047900|10|4|2|False
2055927|1|500018|2.1820|2.1820|27.5000|60.0000|0.0000|0.0000|2047901|7|3|2|False
2055928|1|500018|2.5440|2.5440|27.5000|70.0000|0.0000|0.0000|2047902|7|3|2|False
2055929|1|500028|2.9380|2.9380|27.2300|80.0000|0.0000|0.0000|2047903|8|3|3|False
2055930|1|500020|20.0080|20.0080|24.9900|500.0000|0.0000|0.0000|2047904|14|5|5|False
2055931|1|500028|2.9380|2.9380|27.2300|80.0000|0.0000|0.0000|2047906|8|3|3|False
2055932|1|500018|2.9140|2.9140|27.5000|80.1000|0.0000|0.0000|2047905|7|3|2|False
2055933|1|500028|3.6720|3.6720|27.2300|100.0000|0.0000|0.0000|2047908|8|3|3|False
2055934|1|500018|29.8180|29.8180|27.5000|820.0000|0.0000|0.0000|2047907|10|4|2|False
2055935|1|500031|19.5770|19.5770|25.5400|500.0000|0.0000|0.0000|2047909|15|5|1|False
2055936|1|500018|50.9090|50.9090|27.5000|1400.0000|0.0000|0.0000|2047910|4|2|2|False
2055937|1|500031|7.8310|7.8310|25.5400|200.0000|0.0000|0.0000|2047911|12|4|1|False
2055938|1|500018|23.2730|23.2730|27.5000|640.0000|0.0000|0.0000|2047912|4|2|2|False
2055939|1|500018|1.8180|1.8180|27.5000|50.0000|0.0000|0.0000|2047913|7|3|2|False
2055940|1|500028|2.9380|2.9380|27.2300|80.0000|0.0000|0.0000|2047914|8|3|3|False
2055941|1|500018|18.1820|18.1820|27.5000|500.0000|0.0000|0.0000|2047915|4|2|2|False
2055942|1|500028|2.2040|2.2040|27.2300|60.0000|0.0000|0.0000|2047916|11|4|3|False
2055943|1|500018|2.5440|2.5440|27.5000|70.0000|0.0000|0.0000|2047918|7|3|2|False
2055944|1|500018|2.0000|2.0000|27.5000|55.0000|0.0000|0.0000|2047917|7|3|2|False
2055945|1|500020|8.0030|8.0030|24.9900|200.0000|0.0000|0.0000|2047919|17|6|5|False
2055946|1|500018|1.4550|1.4550|27.5000|40.0000|0.0000|0.0000|2047920|7|3|2|False
2055947|1|500028|2.2030|2.2030|27.2300|60.0000|0.0000|0.0000|2047921|8|3|3|False
2055948|1|500028|11.0170|11.0170|27.2300|300.0000|0.0000|0.0000|2047922|5|2|3|False
2055949|1|500028|1.8360|1.8360|27.2300|50.0000|0.0000|0.0000|2047923|8|3|3|False
2055950|1|500018|2.5440|2.5440|27.5000|70.0000|0.0000|0.0000|2047924|7|3|2|False
2055951|1|500018|2.1820|2.1820|27.5000|60.0000|0.0000|0.0000|2047925|7|3|2|False
2055952|1|500018|18.1820|18.1820|27.5000|500.0000|0.0000|0.0000|2047926|7|3|2|False
2055953|1|500028|25.7070|25.7070|27.2300|700.0000|0.0000|0.0000|2047927|8|3|3|False
2055954|1|500018|3.2730|3.2730|27.5000|90.0000|0.0000|0.0000|2047928|7|3|2|False
2055955|1|500031|3.9150|3.9150|25.5400|100.0000|0.0000|0.0000|2047929|6|2|1|False
2055956|1|500028|11.0170|11.0170|27.2300|300.0000|0.0000|0.0000|2047932|5|2|3|False
2055957|1|500018|10.9090|10.9090|27.5000|300.0000|0.0000|0.0000|2047933|10|4|2|False
2055958|1|500028|2.2030|2.2030|27.2300|60.0000|0.0000|0.0000|2047931|8|3|3|False
2055959|1|500028|3.6720|3.6720|27.2300|100.0000|0.0000|0.0000|2047930|8|3|3|False
2055960|1|500028|1.8360|1.8360|27.2300|50.0000|0.0000|0.0000|2047934|8|3|3|False
2055961|1|500028|11.0170|11.0170|27.2300|300.0000|0.0000|0.0000|2047935|5|2|3|False
2055962|1|500018|2.5450|2.5450|27.5000|70.0000|0.0000|0.0000|2047936|7|3|2|False
2055963|1|500018|3.6360|3.6360|27.5000|100.0000|0.0000|0.0000|2047937|7|3|2|False
2055964|1|500018|3.6360|3.6360|27.5000|100.0000|0.0000|0.0000|2047938|7|3|2|False
2055965|1|500018|2.9110|2.9110|27.5000|80.1000|0.0000|0.0000|2047940|7|3|2|False
2055966|1|500028|1.8360|1.8360|27.2300|50.0000|0.0000|0.0000|2047941|8|3|3|False
2055967|1|500020|32.0110|32.0110|24.9900|800.0000|0.0000|0.0000|2047939|17|6|5|False
2055968|1|500018|2.5450|2.5450|27.5000|70.0000|0.0000|0.0000|2047942|7|3|2|False
2055969|1|500028|2.2030|2.2030|27.2300|60.0000|0.0000|0.0000|2047943|11|4|3|False
2055970|1|500028|3.1270|3.1270|27.2300|85.1000|0.0000|0.0000|2047944|8|3|3|False
2055971|1|500028|2.2030|2.2030|27.2300|60.0000|0.0000|0.0000|2047946|11|4|3|False
2055972|1|500020|37.2160|37.2160|24.9900|930.0000|0.0000|0.0000|2047947|17|6|5|False
2055973|1|500018|3.6360|3.6360|27.5000|100.0000|0.0000|0.0000|2047949|10|4|2|False
2055974|1|500018|1.8180|1.8180|27.5000|50.0000|0.0000|0.0000|2047948|7|3|2|False
2055975|1|500018|18.1820|18.1820|27.5000|500.0000|0.0000|0.0000|2047945|7|3|2|False
2055976|1|500020|2.6030|2.6030|24.9900|65.0000|0.0000|0.0000|2047950|17|6|5|False
2055977|1|500018|1.8180|1.8180|27.5000|50.0000|0.0000|0.0000|2047951|7|3|2|False
2055978|1|500020|4.4020|4.4020|24.9900|110.0000|0.0000|0.0000|2047952|14|5|5|False
2055979|1|500018|2.1810|2.1810|27.5000|60.0000|0.0000|0.0000|2047953|7|3|2|False
2055980|1|500018|2.1850|2.1850|27.5000|60.1000|0.0000|0.0000|2047954|7|3|2|False
2055981|1|500018|3.6360|3.6360|27.5000|100.0000|0.0000|0.0000|2047955|10|4|2|False
2055982|1|500020|20.0080|20.0080|24.9900|500.0000|0.0000|0.0000|2047956|17|6|5|False
2055983|1|500018|41.0910|41.0910|27.5000|1130.0000|0.0000|0.0000|2047957|7|3|2|False
2055984|1|500028|1.8360|1.8360|27.2300|50.0000|0.0000|0.0000|2047958|5|2|3|False
2055985|1|500018|5.0990|5.0990|27.5000|140.2000|0.0000|0.0000|2047959|7|3|2|False
2055986|1|500028|3.6760|3.6760|27.2300|100.1000|0.0000|0.0000|2047960|11|4|3|False
2055987|1|500018|3.6360|3.6360|27.5000|100.0000|0.0000|0.0000|2047961|7|3|2|False
2055988|1|500028|3.6720|3.6720|27.2300|100.0000|0.0000|0.0000|2047964|5|2|3|False
2055989|1|500018|3.6360|3.6360|27.5000|100.0000|0.0000|0.0000|2047962|7|3|2|False
2055990|1|500020|8.0030|8.0030|24.9900|200.0000|0.0000|0.0000|2047963|17|6|5|False
2055991|1|500018|2.5450|2.5450|27.5000|70.0000|0.0000|0.0000|2047965|4|2|2|False
2055992|1|500018|1.4550|1.4550|27.5000|40.0000|0.0000|0.0000|2047966|7|3|2|False
2055993|1|500028|3.6750|3.6750|27.2300|100.1000|0.0000|0.0000|2047967|8|3|3|False
2055994|1|500018|2.4640|2.4640|27.5000|67.8000|0.0000|0.0000|2047968|7|3|2|False
2055995|1|500018|3.6360|3.6360|27.5000|100.0000|0.0000|0.0000|2047970|7|3|2|False
2055996|1|500028|1.8360|1.8360|27.2300|50.0000|0.0000|0.0000|2047969|8|3|3|False
2055997|1|500018|18.1820|18.1820|27.5000|500.0000|0.0000|0.0000|2047971|10|4|2|False
2055998|1|500018|2.5440|2.5440|27.5000|70.0000|0.0000|0.0000|2047972|7|3|2|False
2055999|1|500018|3.6360|3.6360|27.5000|100.0000|0.0000|0.0000|2047973|7|3|2|False
2056000|1|500028|2.3130|2.3130|27.2300|63.0000|0.0000|0.0000|2047977|11|4|3|False
2056001|1|500018|4.3630|4.3630|27.5000|120.0000|0.0000|0.0000|2047974|10|4|2|False
2056002|1|500018|3.6360|3.6360|27.5000|100.0000|0.0000|0.0000|2047978|7|3|2|False
2056003|1|500018|5.0950|5.0950|27.5000|140.1000|0.0000|0.0000|2047976|7|3|2|False
2056004|1|500028|27.5430|27.5430|27.2300|750.0000|0.0000|0.0000|2047979|5|2|3|False
2056005|1|500018|36.3640|36.3640|27.5000|1000.0000|0.0000|0.0000|2047975|4|2|2|False
2056006|1|500031|19.5770|19.5770|25.5400|500.0000|0.0000|0.0000|2047980|15|5|1|False
2056007|1|500018|3.2740|3.2740|27.5000|90.0000|0.0000|0.0000|2047983|10|4|2|False
2056008|1|500028|1.4690|1.4690|27.2300|40.0000|0.0000|0.0000|2047982|8|3|3|False
2056009|1|500018|2.9140|2.9140|27.5000|80.1000|0.0000|0.0000|2047981|7|3|2|False
2056010|1|500028|2.5710|2.5710|27.2300|70.0000|0.0000|0.0000|2047984|8|3|3|False
2056011|1|500020|24.0100|24.0100|24.9900|600.0000|0.0000|0.0000|2047986|17|6|5|False
2056012|1|404065|1.0000|1.0000|95.0000|95.0000|0.0000|0.0000|||||False
2056013|1|500028|1.8360|1.8360|27.2300|50.0000|0.0000|0.0000|2047985|8|3|3|False
2056014|1|500018|36.3640|36.3640|27.5000|1000.0000|0.0000|0.0000|2047987|7|3|2|False
2056015|1|500020|21.6080|21.6080|24.9900|540.0000|0.0000|0.0000|2047988|17|6|5|False
2056016|1|500018|2.1820|2.1820|27.5000|60.0000|0.0000|0.0000|2047990|7|3|2|False
2056017|1|500018|18.1820|18.1820|27.5000|500.0000|0.0000|0.0000|2047989|10|4|2|False
2056018|1|500018|2.1820|2.1820|27.5000|60.0000|0.0000|0.0000|2047994|10|4|2|False
2056019|1|500020|16.0060|16.0060|24.9900|400.0000|0.0000|0.0000|2047991|14|5|5|False
2056020|1|500028|1.4690|1.4690|27.2300|40.0000|0.0000|0.0000|2047995|8|3|3|False
2056021|1|500028|3.6720|3.6720|27.2300|100.0000|0.0000|0.0000|2047993|8|3|3|False
2056022|1|500031|19.5770|19.5770|25.5400|500.0000|0.0000|0.0000|2047992|3|1|1|False
2056023|1|500018|2.1820|2.1820|27.5000|60.0000|0.0000|0.0000|2047996|10|4|2|False
2056024|1|500028|7.3450|7.3450|27.2300|200.0000|0.0000|0.0000|2047997|8|3|3|False
2056025|1|500018|1.4550|1.4550|27.5000|40.0000|0.0000|0.0000|2047998|7|3|2|False
2056026|1|500018|2.1820|2.1820|27.5000|60.0000|0.0000|0.0000|2047999|7|3|2|False
2056027|1|500018|2.1820|2.1820|27.5000|60.0000|0.0000|0.0000|2048001|7|3|2|False
2056028|1|500028|2.5750|2.5750|27.2300|70.1000|0.0000|0.0000|2048000|11|4|3|False
2056029|1|500018|3.6440|3.6440|27.5000|100.2000|0.0000|0.0000|2048002|7|3|2|False
2056030|1|500018|2.9090|2.9090|27.5000|80.0000|0.0000|0.0000|2048003|7|3|2|False
2056031|1|500028|1.8360|1.8360|27.2300|50.0000|0.0000|0.0000|2048004|8|3|3|False
2056032|1|500018|1.8190|1.8190|27.5000|50.0000|0.0000|0.0000|2048006|10|4|2|False
2056033|1|500028|2.2080|2.2080|27.2300|60.1000|0.0000|0.0000|2048005|8|3|3|False
2056034|1|500018|3.6360|3.6360|27.5000|100.0000|0.0000|0.0000|2048007|10|4|2|False
2056035|1|500018|3.6360|3.6360|27.5000|100.0000|0.0000|0.0000|2048008|7|3|2|False
2056036|1|500028|1.8360|1.8360|27.2300|50.0000|0.0000|0.0000|2048009|8|3|3|False
2056037|1|500031|39.1540|39.1540|25.5400|1000.0000|0.0000|0.0000|2048010|6|2|1|False
2056038|1|500020|20.0080|20.0080|24.9900|500.0000|0.0000|0.0000|2048011|17|6|5|False
2056039|1|500020|50.4200|50.4200|24.9900|1260.0000|0.0000|0.0000|2048012|17|6|5|False
2056040|1|500018|2.0000|2.0000|27.5000|55.0000|0.0000|0.0000|2048013|7|3|2|False
2056041|1|500020|28.4110|28.4110|24.9900|710.0000|0.0000|0.0000|2048014|14|5|5|False
2056042|1|500018|2.1820|2.1820|27.5000|60.0000|0.0000|0.0000|2048017|7|3|2|False
2056043|1|500028|2.7560|2.7560|27.2300|75.0000|0.0000|0.0000|2048018|11|4|3|False
2056044|1|500028|2.2030|2.2030|27.2300|60.0000|0.0000|0.0000|2048016|11|4|3|False
2056045|1|500028|1.8360|1.8360|27.2300|50.0000|0.0000|0.0000|2048019|8|3|3|False
2056046|1|500018|4.9140|4.9140|27.5000|135.1000|0.0000|0.0000|2048015|7|3|2|False
2056047|1|500031|39.1540|39.1540|25.5400|1000.0000|0.0000|0.0000|2048020|6|2|1|False
2056048|1|500018|4.3640|4.3640|27.5000|120.0000|0.0000|0.0000|2048021|7|3|2|False
2056049|1|500018|3.2730|3.2730|27.5000|90.0000|0.0000|0.0000|2048023|7|3|2|False
2056050|1|500028|2.9380|2.9380|27.2300|80.0000|0.0000|0.0000|2048022|11|4|3|False
2056051|1|500028|3.6720|3.6720|27.2300|100.0000|0.0000|0.0000|2048024|8|3|3|False
2056052|1|500028|11.0170|11.0170|27.2300|300.0000|0.0000|0.0000|2048025|2|1|3|False
2056053|1|500028|2.2040|2.2040|27.2300|60.0000|0.0000|0.0000|2048026|8|3|3|False
2056054|1|500018|3.0960|3.0960|27.5000|85.1000|0.0000|0.0000|2048027|7|3|2|False
2056055|1|500018|2.1820|2.1820|27.5000|60.0000|0.0000|0.0000|2048028|10|4|2|False
2056056|1|500018|3.6360|3.6360|27.5000|100.0000|0.0000|0.0000|2048029|7|3|2|False
2056057|1|500031|11.7460|11.7460|25.5400|300.0000|0.0000|0.0000|2048032|6|2|1|False
2056058|1|500028|3.6720|3.6720|27.2300|100.0000|0.0000|0.0000|2048031|8|3|3|False
2056059|1|500018|2.1820|2.1820|27.5000|60.0000|0.0000|0.0000|2048030|10|4|2|False
2056060|1|500018|3.6360|3.6360|27.5000|100.0000|0.0000|0.0000|2048033|7|3|2|False
2056061|1|500018|21.8180|21.8180|27.5000|600.0000|0.0000|0.0000|2048034|4|2|2|False
2056062|1|500028|2.7560|2.7560|27.2300|75.0000|0.0000|0.0000|2048035|8|3|3|False
2056063|1|500028|1.4690|1.4690|27.2300|40.0000|0.0000|0.0000|2048037|8|3|3|False
2056064|1|500028|1.8360|1.8360|27.2300|50.0000|0.0000|0.0000|2048036|5|2|3|False
2056065|1|500028|1.8360|1.8360|27.2300|50.0000|0.0000|0.0000|2048038|11|4|3|False
2056066|1|500018|2.7290|2.7290|27.5000|75.0000|0.0000|0.0000|2048039|7|3|2|False
2056067|1|500018|2.1850|2.1850|27.5000|60.1000|0.0000|0.0000|2048040|7|3|2|False
2056068|1|500028|26.7930|26.7930|27.2300|729.6000|0.0000|0.0000|2048041|11|4|3|False
2056069|1|500018|3.6360|3.6360|27.5000|100.0000|0.0000|0.0000|2048042|7|3|2|False
2056070|1|500018|47.2710|47.2710|27.5000|1300.0000|0.0000|0.0000|2048043|4|2|2|False
2056071|1|500028|2.2030|2.2030|27.2300|60.0000|0.0000|0.0000|2048044|8|3|3|False
2056072|1|500031|11.7460|11.7460|25.5400|300.0000|0.0000|0.0000|2048045|18|6|1|False
2056073|1|500028|1.4690|1.4690|27.2300|40.0000|0.0000|0.0000|2048047|8|3|3|False
2056074|1|500018|54.5480|54.5480|27.5000|1500.1000|0.0000|0.0000|2048046|1|1|2|False
2056075|1|500028|2.5710|2.5710|27.2300|70.0000|0.0000|0.0000|2048048|8|3|3|False
2056076|1|500028|11.0170|11.0170|27.2300|300.0000|0.0000|0.0000|2048050|5|2|3|False
2056077|1|500018|2.1820|2.1820|27.5000|60.0000|0.0000|0.0000|2048051|7|3|2|False
2056078|1|500028|1.8360|1.8360|27.2300|50.0000|0.0000|0.0000|2048049|11|4|3|False
2056079|1|500018|2.1820|2.1820|27.5000|60.0000|0.0000|0.0000|2048052|7|3|2|False
2056080|1|500028|1.8360|1.8360|27.2300|50.0000|0.0000|0.0000|2048053|11|4|3|False
2056081|1|500031|11.7460|11.7460|25.5400|300.0000|0.0000|0.0000|2048054|18|6|1|False
2056082|1|500018|18.1820|18.1820|27.5000|500.0000|0.0000|0.0000|2048055|4|2|2|False
2056083|1|500031|11.7460|11.7460|25.5400|300.0000|0.0000|0.0000|2048056|12|4|1|False
2056084|1|500028|2.2030|2.2030|27.2300|60.0000|0.0000|0.0000|2048058|8|3|3|False
2056085|1|501304|17.5190|17.5190|28.5400|500.0000|0.0000|0.0000|2048057|16|6|4|False
2056086|1|500020|3.6010|3.6010|24.9900|90.0000|0.0000|0.0000|2048059|14|5|5|False
2056087|1|500028|40.7630|40.7630|27.2300|1110.0000|0.0000|0.0000|2048060|5|2|3|False
2056088|1|500018|2.9110|2.9110|27.5000|80.1000|0.0000|0.0000|2048061|7|3|2|False
2056089|1|500018|2.9110|2.9110|27.5000|80.1000|0.0000|0.0000|2048062|10|4|2|False
2056090|1|500020|1.6010|1.6010|24.9900|40.0000|0.0000|0.0000|2048063|17|6|5|False
2056091|1|500018|2.1820|2.1820|27.5000|60.0000|0.0000|0.0000|2048064|7|3|2|False
2056092|1|500028|18.3620|18.3620|27.2300|500.0000|0.0000|0.0000|2048065|11|4|3|False
2056093|1|500028|36.7240|36.7240|27.2300|1000.0000|0.0000|0.0000|2048066|5|2|3|False
2056094|1|500020|20.0080|20.0080|24.9900|500.0000|0.0000|0.0000|2048067|17|6|5|False
2056095|1|500018|3.6360|3.6360|27.5000|100.0000|0.0000|0.0000|2048068|7|3|2|False
2056096|1|500028|1.8360|1.8360|27.2300|50.0000|0.0000|0.0000|2048069|8|3|3|False
2056097|1|500028|1.4690|1.4690|27.2300|40.0000|0.0000|0.0000|2048072|8|3|3|False
2056098|1|500018|3.6360|3.6360|27.5000|100.0000|0.0000|0.0000|2048071|7|3|2|False
2056099|1|500028|1.4690|1.4690|27.2300|40.0000|0.0000|0.0000|2048070|11|4|3|False
2056100|1|500018|2.1820|2.1820|27.5000|60.0000|0.0000|0.0000|2048073|10|4|2|False
2056101|1|500018|2.5450|2.5450|27.5000|70.0000|0.0000|0.0000|2048074|7|3|2|False
2056102|1|500020|8.0030|8.0030|24.9900|200.0000|0.0000|0.0000|2048075|17|6|5|False
2056103|1|500018|7.2730|7.2730|27.5000|200.0000|0.0000|0.0000|2048076|4|2|2|False
2056104|1|500018|1.8180|1.8180|27.5000|50.0000|0.0000|0.0000|2048077|7|3|2|False
2056105|1|500028|2.2030|2.2030|27.2300|60.0000|0.0000|0.0000|2048078|8|3|3|False
2056106|1|500018|2.5450|2.5450|27.5000|70.0000|0.0000|0.0000|2048079|7|3|2|False
2056107|1|500028|2.2030|2.2030|27.2300|60.0000|0.0000|0.0000|2048080|11|4|3|False
2056108|1|500018|2.9090|2.9090|27.5000|80.0000|0.0000|0.0000|2048082|10|4|2|False
2056109|1|500028|2.2040|2.2040|27.2300|60.0000|0.0000|0.0000|2048081|8|3|3|False
2056110|1|500018|2.1820|2.1820|27.5000|60.0000|0.0000|0.0000|2048084|10|4|2|False
2056111|1|500028|2.2030|2.2030|27.2300|60.0000|0.0000|0.0000|2048083|8|3|3|False
2056112|1|500031|58.7310|58.7310|25.5400|1500.0000|0.0000|0.0000|2048085|18|6|1|False
2056113|1|500028|3.6720|3.6720|27.2300|100.0000|0.0000|0.0000|2048086|8|3|3|False
2056114|1|500028|2.2030|2.2030|27.2300|60.0000|0.0000|0.0000|2048087|8|3|3|False
2056115|1|500028|2.5780|2.5780|27.2300|70.2000|0.0000|0.0000|2048089|11|4|3|False
2056116|1|500031|19.5770|19.5770|25.5400|500.0000|0.0000|0.0000|2048088|3|1|1|False
2056117|1|500028|2.3860|2.3860|27.2300|65.0000|0.0000|0.0000|2048091|8|3|3|False
2056118|1|500020|2.0010|2.0010|24.9900|50.0000|0.0000|0.0000|2048092|17|6|5|False
2056119|1|500028|35.4750|35.4750|27.2300|966.0000|0.0000|0.0000|2048090|5|2|3|False
2056120|1|500018|3.2740|3.2740|27.5000|90.0000|0.0000|0.0000|2048093|10|4|2|False
2056121|1|500018|1.8180|1.8180|27.5000|50.0000|0.0000|0.0000|2048094|7|3|2|False
2056122|1|500020|20.0080|20.0080|24.9900|500.0000|0.0000|0.0000|2048095|17|6|5|False
2056123|1|500018|2.9090|2.9090|27.5000|80.0000|0.0000|0.0000|2048097|10|4|2|False
2056124|1|500018|1.8180|1.8180|27.5000|50.0000|0.0000|0.0000|2048096|7|3|2|False
2056125|1|500028|2.2030|2.2030|27.2300|60.0000|0.0000|0.0000|2048098|8|3|3|False
2056126|1|500028|2.2030|2.2030|27.2300|60.0000|0.0000|0.0000|2048099|11|4|3|False
2056127|1|500028|2.2030|2.2030|27.2300|60.0000|0.0000|0.0000|2048101|8|3|3|False
2056128|1|500020|32.0130|32.0130|24.9900|800.0000|0.0000|0.0000|2048100|14|5|5|False
2056129|1|500031|19.5770|19.5770|25.5400|500.0000|0.0000|0.0000|2048102|6|2|1|False
2056130|1|500018|2.7290|2.7290|27.5000|75.0000|0.0000|0.0000|2048104|7|3|2|False
2056131|1|500020|2.4010|2.4010|24.9900|60.0000|0.0000|0.0000|2048103|17|6|5|False
2056132|1|500018|3.0940|3.0940|27.5000|85.1000|0.0000|0.0000|2048105|4|2|2|False
2056133|1|500031|39.1540|39.1540|25.5400|1000.0000|0.0000|0.0000|2048106|12|4|1|False
2056134|1|500018|3.2730|3.2730|27.5000|90.0000|0.0000|0.0000|2048107|7|3|2|False
2056135|1|500020|2.4010|2.4010|24.9900|60.0000|0.0000|0.0000|2048108|17|6|5|False
2056136|1|500018|2.9110|2.9110|27.5000|80.1000|0.0000|0.0000|2048110|7|3|2|False
2056137|1|500031|39.1540|39.1540|25.5400|1000.0000|0.0000|0.0000|2048109|6|2|1|False
2056138|1|500028|25.7070|25.7070|27.2300|700.0000|0.0000|0.0000|2048111|2|1|3|False
2056139|1|500028|35.9900|35.9900|27.2300|980.0000|0.0000|0.0000|2048112|11|4|3|False
2056140|1|500028|2.9380|2.9380|27.2300|80.0000|0.0000|0.0000|2048113|8|3|3|False
2056141|1|500018|1.8180|1.8180|27.5000|50.0000|0.0000|0.0000|2048115|7|3|2|False
2056142|1|500031|7.8310|7.8310|25.5400|200.0000|0.0000|0.0000|2048114|18|6|1|False
2056143|1|500028|1.8360|1.8360|27.2300|50.0000|0.0000|0.0000|2048116|5|2|3|False
2056144|1|500028|2.2030|2.2030|27.2300|60.0000|0.0000|0.0000|2048118|8|3|3|False
2056145|1|500018|3.6360|3.6360|27.5000|100.0000|0.0000|0.0000|2048117|7|3|2|False
2056146|1|500028|1.8360|1.8360|27.2300|50.0000|0.0000|0.0000|2048120|8|3|3|False
2056147|1|500028|1.8360|1.8360|27.2300|50.0000|0.0000|0.0000|2048119|11|4|3|False
2056148|1|500028|2.2040|2.2040|27.2300|60.0000|0.0000|0.0000|2048121|11|4|3|False
2056149|1|500018|3.6360|3.6360|27.5000|100.0000|0.0000|0.0000|2048122|7|3|2|False
2056150|1|500018|10.9090|10.9090|27.5000|300.0000|0.0000|0.0000|2048123|4|2|2|False
2056151|1|500018|3.9990|3.9990|27.5000|110.0000|0.0000|0.0000|2048124|7|3|2|False
2056152|1|500018|18.1820|18.1820|27.5000|500.0000|0.0000|0.0000|2048126|10|4|2|False
2056153|1|500018|2.9110|2.9110|27.5000|80.1000|0.0000|0.0000|2048125|7|3|2|False
2056154|1|500018|1.4550|1.4550|27.5000|40.0000|0.0000|0.0000|2048127|7|3|2|False
2056155|1|500018|2.9090|2.9090|27.5000|80.0000|0.0000|0.0000|2048128|7|3|2|False
2056156|1|500028|4.9560|4.9560|27.2300|135.0000|0.0000|0.0000|2048129|11|4|3|False
2056157|1|500018|3.6360|3.6360|27.5000|100.0000|0.0000|0.0000|2048130|7|3|2|False
2056158|1|500020|1.6010|1.6010|24.9900|40.0000|0.0000|0.0000|2048131|17|6|5|False
2056159|1|500018|2.1670|2.1670|27.5000|59.6000|0.0000|0.0000|2048132|7|3|2|False
2056160|1|500018|3.2730|3.2730|27.5000|90.0000|0.0000|0.0000|2048134|7|3|2|False
2056161|1|500018|8.0000|8.0000|27.5000|220.0000|0.0000|0.0000|2048133|10|4|2|False
2056162|1|500018|2.1820|2.1820|27.5000|60.0000|0.0000|0.0000|2048135|4|2|2|False
2056163|1|500028|2.9380|2.9380|27.2300|80.0000|0.0000|0.0000|2048137|5|2|3|False
2056164|1|500018|1.4550|1.4550|27.5000|40.0000|0.0000|0.0000|2048138|7|3|2|False
2056165|1|500018|2.1820|2.1820|27.5000|60.0000|0.0000|0.0000|2048136|7|3|2|False
2056166|1|500018|2.1820|2.1820|27.5000|60.0000|0.0000|0.0000|2048139|7|3|2|False
2056167|1|500018|2.9090|2.9090|27.5000|80.0000|0.0000|0.0000|2048140|4|2|2|False
2056168|1|500028|1.4690|1.4690|27.2300|40.0000|0.0000|0.0000|2048141|8|3|3|False
2056169|1|500018|2.0000|2.0000|27.5000|55.0000|0.0000|0.0000|2048142|10|4|2|False
2056170|1|500028|2.9420|2.9420|27.2300|80.1000|0.0000|0.0000|2048143|11|4|3|False
2056171|1|500020|20.0080|20.0080|24.9900|500.0000|0.0000|0.0000|2048144|17|6|5|False
2056172|1|500028|2.2030|2.2030|27.2300|60.0000|0.0000|0.0000|2048147|11|4|3|False
2056173|1|500028|7.3450|7.3450|27.2300|200.0000|0.0000|0.0000|2048145|5|2|3|False
2056174|1|500031|39.1540|39.1540|25.5400|1000.0000|0.0000|0.0000|2048146|9|3|1|False
2056175|1|500018|2.1820|2.1820|27.5000|60.0000|0.0000|0.0000|2048149|7|3|2|False
2056176|1|500028|1.4690|1.4690|27.2300|40.0000|0.0000|0.0000|2048148|11|4|3|False
2056177|1|500018|2.9090|2.9090|27.5000|80.0000|0.0000|0.0000|2048150|10|4|2|False
2056178|1|500018|2.9090|2.9090|27.5000|80.0000|0.0000|0.0000|2048151|4|2|2|False
2056179|1|500018|2.1820|2.1820|27.5000|60.0000|0.0000|0.0000|2048153|10|4|2|False
2056180|1|500028|1.4690|1.4690|27.2300|40.0000|0.0000|0.0000|2048152|8|3|3|False
2056181|1|500018|1.8180|1.8180|27.5000|50.0000|0.0000|0.0000|2048154|7|3|2|False
2056182|1|500020|2.2000|2.2000|24.9900|55.0000|0.0000|0.0000|2048155|14|5|5|False
2056183|1|500028|3.6720|3.6720|27.2300|100.0000|0.0000|0.0000|2048156|8|3|3|False
2056184|1|500028|2.9380|2.9380|27.2300|80.0000|0.0000|0.0000|2048158|8|3|3|False
2056185|1|500028|1.4690|1.4690|27.2300|40.0000|0.0000|0.0000|2048159|5|2|3|False
2056186|1|500018|1.8180|1.8180|27.5000|50.0000|0.0000|0.0000|2048163|10|4|2|False
2056187|1|500028|1.8360|1.8360|27.2300|50.0000|0.0000|0.0000|2048160|5|2|3|False
2056188|1|500018|3.6360|3.6360|27.5000|100.0000|0.0000|0.0000|2048162|4|2|2|False
2056189|1|500018|1.4550|1.4550|27.5000|40.0000|0.0000|0.0000|2048157|4|2|2|False
2056190|1|500018|2.9090|2.9090|27.5000|80.0000|0.0000|0.0000|2048161|7|3|2|False
2056191|1|500018|3.3820|3.3820|27.5000|93.0000|0.0000|0.0000|2048164|7|3|2|False
2056192|1|500018|2.1820|2.1820|27.5000|60.0000|0.0000|0.0000|2048165|7|3|2|False
2056193|1|500020|12.0050|12.0050|24.9900|300.0000|0.0000|0.0000|2048166|17|6|5|False
2056194|1|500028|2.2030|2.2030|27.2300|60.0000|0.0000|0.0000|2048167|11|4|3|False
2056195|1|500020|20.0080|20.0080|24.9900|500.0000|0.0000|0.0000|2048169|14|5|5|False
2056196|1|500018|10.9090|10.9090|27.5000|300.0000|0.0000|0.0000|2048170|4|2|2|False
2056197|1|500028|2.5710|2.5710|27.2300|70.0000|0.0000|0.0000|2048168|8|3|3|False
2056198|1|500018|2.1820|2.1820|27.5000|60.0000|0.0000|0.0000|2048172|10|4|2|False
2056199|1|500028|2.9490|2.9490|27.2300|80.3000|0.0000|0.0000|2048176|8|3|3|False
2056200|1|500018|18.1820|18.1820|27.5000|500.0000|0.0000|0.0000|2048177|4|2|2|False
2056201|1|500018|1.8180|1.8180|27.5000|50.0000|0.0000|0.0000|2048173|7|3|2|False
2056202|1|500028|2.2030|2.2030|27.2300|60.0000|0.0000|0.0000|2048171|8|3|3|False
2056203|1|500018|1.8180|1.8180|27.5000|50.0000|0.0000|0.0000|2048175|10|4|2|False
2056204|1|500018|2.1820|2.1820|27.5000|60.0000|0.0000|0.0000|2048174|10|4|2|False
2056205|1|500028|1.8360|1.8360|27.2300|50.0000|0.0000|0.0000|2048178|8|3|3|False
2056206|1|500028|2.2030|2.2030|27.2300|60.0000|0.0000|0.0000|2048179|8|3|3|False
2056207|1|500028|2.2030|2.2030|27.2300|60.0000|0.0000|0.0000|2048180|8|3|3|False
2056208|1|500028|2.9380|2.9380|27.2300|80.0000|0.0000|0.0000|2048181|8|3|3|False
2056209|1|500031|39.1540|39.1540|25.5400|1000.0000|0.0000|0.0000|2048182|12|4|1|False
2056210|1|500018|26.1820|26.1820|27.5000|720.0000|0.0000|0.0000|2048183|4|2|2|False
2056211|1|500018|1.8180|1.8180|27.5000|50.0000|0.0000|0.0000|2048184|7|3|2|False
2056212|1|500018|3.6360|3.6360|27.5000|100.0000|0.0000|0.0000|2048185|7|3|2|False
2056213|1|500018|3.2730|3.2730|27.5000|90.0000|0.0000|0.0000|2048186|7|3|2|False
2056214|1|500031|11.7460|11.7460|25.5400|300.0000|0.0000|0.0000|2048187|6|2|1|False
2056215|1|500018|1.8180|1.8180|27.5000|50.0000|0.0000|0.0000|2048190|10|4|2|False
2056216|1|500028|2.2030|2.2030|27.2300|60.0000|0.0000|0.0000|2048189|8|3|3|False
2056217|1|500018|2.1820|2.1820|27.5000|60.0000|0.0000|0.0000|2048188|7|3|2|False
2056218|1|500018|1.8180|1.8180|27.5000|50.0000|0.0000|0.0000|2048192|10|4|2|False
2056219|1|500018|1.8180|1.8180|27.5000|50.0000|0.0000|0.0000|2048191|7|3|2|False
2056220|1|500028|2.2030|2.2030|27.2300|60.0000|0.0000|0.0000|2048193|8|3|3|False
2056221|1|500018|3.2780|3.2780|27.5000|90.1000|0.0000|0.0000|2048194|10|4|2|False
2056222|1|500031|15.6620|15.6620|25.5400|400.0000|0.0000|0.0000|2048195|6|2|1|False
2056223|1|500018|2.5450|2.5450|27.5000|70.0000|0.0000|0.0000|2048196|7|3|2|False
2056224|1|500028|3.6720|3.6720|27.2300|100.0000|0.0000|0.0000|2048197|8|3|3|False
2056225|1|500018|3.6370|3.6370|27.5000|100.0000|0.0000|0.0000|2048199|10|4|2|False
2056226|1|500020|4.0020|4.0020|24.9900|100.0000|0.0000|0.0000|2048198|14|5|5|False
2056227|1|500018|1.4550|1.4550|27.5000|40.0000|0.0000|0.0000|2048200|7|3|2|False
2056228|1|500018|1.4550|1.4550|27.5000|40.0000|0.0000|0.0000|2048202|7|3|2|False
2056229|1|500020|2.4000|2.4000|24.9900|60.0000|0.0000|0.0000|2048201|14|5|5|False
2056230|1|500018|2.5450|2.5450|27.5000|70.0000|0.0000|0.0000|2048203|7|3|2|False
2056231|1|500028|1.8360|1.8360|27.2300|50.0000|0.0000|0.0000|2048205|8|3|3|False
2056232|1|500018|2.1810|2.1810|27.5000|60.0000|0.0000|0.0000|2048204|10|4|2|False
2056233|1|500020|2.0010|2.0010|24.9900|50.0000|0.0000|0.0000|2048206|17|6|5|False
2056234|1|500028|1.8360|1.8360|27.2300|50.0000|0.0000|0.0000|2048207|8|3|3|False
2056235|1|500028|2.2030|2.2030|27.2300|60.0000|0.0000|0.0000|2048208|8|3|3|False
2056236|1|500020|3.2010|3.2010|24.9900|80.0000|0.0000|0.0000|2048209|17|6|5|False
2056237|1|500018|2.5480|2.5480|27.5000|70.1000|0.0000|0.0000|2048210|7|3|2|False
2056238|1|500018|2.1820|2.1820|27.5000|60.0000|0.0000|0.0000|2048212|7|3|2|False
2056239|1|500018|2.5450|2.5450|27.5000|70.0000|0.0000|0.0000|2048211|7|3|2|False
2056239|2|500020|20.0080|20.0080|24.9900|500.0000|0.0000|0.0000|2048213|17|6|5|False
2056240|1|500028|2.2030|2.2030|27.2300|60.0000|0.0000|0.0000|2048214|8|3|3|False
2056241|1|500028|2.9380|2.9380|27.2300|80.0000|0.0000|0.0000|2048216|8|3|3|False
2056242|1|500028|7.3450|7.3450|27.2300|200.0000|0.0000|0.0000|2048217|5|2|3|False
2056243|1|500028|3.3050|3.3050|27.2300|90.0000|0.0000|0.0000|2048219|11|4|3|False
2056244|1|500031|19.5770|19.5770|25.5400|500.0000|0.0000|0.0000|2048215|12|4|1|False
2056245|1|500028|18.3620|18.3620|27.2300|500.0000|0.0000|0.0000|2048221|8|3|3|False
2056246|1|500018|2.1820|2.1820|27.5000|60.0000|0.0000|0.0000|2048222|10|4|2|False
2056247|1|500018|3.6360|3.6360|27.5000|100.0000|0.0000|0.0000|2048223|7|3|2|False
2056248|1|500018|2.1810|2.1810|27.5000|60.0000|0.0000|0.0000|2048224|10|4|2|False
2056249|1|500018|36.3640|36.3640|27.5000|1000.0000|0.0000|0.0000|2048218|1|1|2|False
2056250|1|500028|1.8360|1.8360|27.2300|50.0000|0.0000|0.0000|2048225|11|4|3|False
2056251|1|500018|2.1810|2.1810|27.5000|60.0000|0.0000|0.0000|2048226|10|4|2|False
2056252|1|500018|10.9090|10.9090|27.5000|300.0000|0.0000|0.0000|2048227|1|1|2|False
2056253|1|500018|7.2730|7.2730|27.5000|200.0000|0.0000|0.0000|2048220|4|2|2|False
2056254|1|500031|54.0330|54.0330|25.5400|1380.0000|0.0000|0.0000|2048228|6|2|1|False
2056255|1|500028|11.9350|11.9350|27.2300|325.0000|0.0000|0.0000|2048229|11|4|3|False
2056256|1|500018|1.8180|1.8180|27.5000|50.0000|0.0000|0.0000|2048230|7|3|2|False
2056257|1|500018|2.9090|2.9090|27.5000|80.0000|0.0000|0.0000|2048231|7|3|2|False
2056258|1|500018|2.1820|2.1820|27.5000|60.0000|0.0000|0.0000|2048232|10|4|2|False
2056259|1|500028|1.8360|1.8360|27.2300|50.0000|0.0000|0.0000|2048233|11|4|3|False
2056260|1|500018|3.6360|3.6360|27.5000|100.0000|0.0000|0.0000|2048234|7|3|2|False
2056261|1|500028|1.8360|1.8360|27.2300|50.0000|0.0000|0.0000|2048235|8|3|3|False
2056262|1|500018|2.9090|2.9090|27.5000|80.0000|0.0000|0.0000|2048236|7|3|2|False
2056263|1|500028|33.4190|33.4190|27.2300|910.0000|0.0000|0.0000|2048237|5|2|3|False
2056264|1|500028|1.4690|1.4690|27.2300|40.0000|0.0000|0.0000|2048238|8|3|3|False
2056265|1|500018|2.9090|2.9090|27.5000|80.0000|0.0000|0.0000|2048240|7|3|2|False
2056266|1|500018|2.5440|2.5440|27.5000|70.0000|0.0000|0.0000|2048239|10|4|2|False
2056267|1|500028|3.1230|3.1230|27.2300|85.0000|0.0000|0.0000|2048242|8|3|3|False
2056268|1|500028|1.8360|1.8360|27.2300|50.0000|0.0000|0.0000|2048241|11|4|3|False
2056269|1|500018|3.2730|3.2730|27.5000|90.0000|0.0000|0.0000|2048244|7|3|2|False
2056270|1|500018|2.1820|2.1820|27.5000|60.0000|0.0000|0.0000|2048243|10|4|2|False
2056271|1|500018|2.1820|2.1820|27.5000|60.0000|0.0000|0.0000|2048248|7|3|2|False
2056272|1|500018|2.1820|2.1820|27.5000|60.0000|0.0000|0.0000|2048246|7|3|2|False
2056273|1|500028|11.0170|11.0170|27.2300|300.0000|0.0000|0.0000|2048245|5|2|3|False
2056274|1|500028|18.3620|18.3620|27.2300|500.0000|0.0000|0.0000|2048247|11|4|3|False
2056275|1|500028|1.8360|1.8360|27.2300|50.0000|0.0000|0.0000|2048249|5|2|3|False
2056276|1|500018|2.1820|2.1820|27.5000|60.0000|0.0000|0.0000|2048251|7|3|2|False
2056277|1|500028|1.8360|1.8360|27.2300|50.0000|0.0000|0.0000|2048250|8|3|3|False
2056278|1|500018|3.6360|3.6360|27.5000|100.0000|0.0000|0.0000|2048252|10|4|2|False
2056279|1|500018|1.8180|1.8180|27.5000|50.0000|0.0000|0.0000|2048253|7|3|2|False
2056280|1|500018|2.5440|2.5440|27.5000|70.0000|0.0000|0.0000|2048255|7|3|2|False
2056281|1|500031|15.6620|15.6620|25.5400|400.0000|0.0000|0.0000|2048254|18|6|1|False
2056282|1|500028|41.5000|41.5000|27.2300|1130.0000|0.0000|0.0000|2048256|5|2|3|False
2056283|1|500018|3.6360|3.6360|27.5000|100.0000|0.0000|0.0000|2048257|10|4|2|False
2056284|1|500018|3.2730|3.2730|27.5000|90.0000|0.0000|0.0000|2048258|7|3|2|False
2056285|1|500020|4.0020|4.0020|24.9900|100.0000|0.0000|0.0000|2048260|17|6|5|False
2056286|1|500018|1.0910|1.0910|27.5000|30.0000|0.0000|0.0000|2048261|7|3|2|False
2056287|1|500028|2.2030|2.2030|27.2300|60.0000|0.0000|0.0000|2048262|11|4|3|False
2056288|1|401079|3.0000|3.0000|28.0000|84.0000|0.0000|0.0000|||||False
2056289|1|500028|2.5750|2.5750|27.2300|70.1000|0.0000|0.0000|2048263|11|4|3|False
2056290|1|500018|2.1450|2.1450|27.5000|59.0000|0.0000|0.0000|2048264|7|3|2|False
2056291|1|500028|1.4690|1.4690|27.2300|40.0000|0.0000|0.0000|2048259|8|3|3|False
2056292|1|500031|19.5770|19.5770|25.5400|500.0000|0.0000|0.0000|2048265|18|6|1|False
2056293|1|500018|1.8180|1.8180|27.5000|50.0000|0.0000|0.0000|2048266|7|3|2|False
2056294|1|500018|67.6360|67.6360|27.5000|1860.0000|0.0000|0.0000|2048267|1|1|2|False
2056295|1|500018|2.5450|2.5450|27.5000|70.0000|0.0000|0.0000|2048269|7|3|2|False
2056296|1|500018|2.1810|2.1810|27.5000|60.0000|0.0000|0.0000|2048268|7|3|2|False
2056297|1|500031|19.5770|19.5770|25.5400|500.0000|0.0000|0.0000|2048270|6|2|1|False
2056298|1|500018|54.5440|54.5440|27.5000|1500.0000|0.0000|0.0000|2048271|10|4|2|False
2056299|1|500018|1.8180|1.8180|27.5000|50.0000|0.0000|0.0000|2048272|7|3|2|False
2056300|1|500018|2.5450|2.5450|27.5000|70.0000|0.0000|0.0000|2048273|7|3|2|False
2056301|1|500020|2.4010|2.4010|24.9900|60.0000|0.0000|0.0000|2048274|14|5|5|False
2056302|1|500028|2.0190|2.0190|27.2300|55.0000|0.0000|0.0000|2048275|8|3|3|False
2056303|1|500020|32.0110|32.0110|24.9900|800.0000|0.0000|0.0000|2048276|17|6|5|False
2056304|1|500018|3.6360|3.6360|27.5000|100.0000|0.0000|0.0000|2048278|7|3|2|False
2056305|1|500018|1.8180|1.8180|27.5000|50.0000|0.0000|0.0000|2048277|10|4|2|False
2056306|1|500018|2.1820|2.1820|27.5000|60.0000|0.0000|0.0000|2048279|10|4|2|False
2056307|1|500018|2.7290|2.7290|27.5000|75.0000|0.0000|0.0000|2048280|7|3|2|False
2056308|1|500018|3.0920|3.0920|27.5000|85.0000|0.0000|0.0000|2048281|7|3|2|False
2056309|1|500018|36.3640|36.3640|27.5000|1000.0000|0.0000|0.0000|2048282|1|1|2|False
2056310|1|500031|39.1540|39.1540|25.5400|1000.0000|0.0000|0.0000|2048283|6|2|1|False
2056311|1|500028|2.9380|2.9380|27.2300|80.0000|0.0000|0.0000|2048284|11|4|3|False
2056312|1|500028|2.9380|2.9380|27.2300|80.0000|0.0000|0.0000|2048285|8|3|3|False
2056313|1|403818|1.0000|1.0000|130.0000|130.0000|0.0000|0.0000|||||False
2056314|1|500020|20.0080|20.0080|24.9900|500.0000|0.0000|0.0000|2048287|17|6|5|False
2056315|1|500028|2.2030|2.2030|27.2300|60.0000|0.0000|0.0000|2048288|8|3|3|False
2056316|1|500018|5.0000|5.0000|27.5000|137.5000|0.0000|0.0000|2048286|4|2|2|False
2056317|1|500018|3.0960|3.0960|27.5000|85.1000|0.0000|0.0000|2048290|7|3|2|False
2056318|1|500031|19.5770|19.5770|25.5400|500.0000|0.0000|0.0000|2048291|3|1|1|False
2056319|1|500020|20.0080|20.0080|24.9900|500.0000|0.0000|0.0000|2048293|17|6|5|False
2056320|1|500018|3.6360|3.6360|27.5000|100.0000|0.0000|0.0000|2048292|7|3|2|False
2056321|1|500018|2.1820|2.1820|27.5000|60.0000|0.0000|0.0000|2048296|7|3|2|False
2056322|1|500028|18.3620|18.3620|27.2300|500.0000|0.0000|0.0000|2048295|5|2|3|False
2056323|1|500028|2.2030|2.2030|27.2300|60.0000|0.0000|0.0000|2048294|8|3|3|False
2056324|1|500028|2.2030|2.2030|27.2300|60.0000|0.0000|0.0000|2048298|8|3|3|False
2056325|1|500018|1.4550|1.4550|27.5000|40.0000|0.0000|0.0000|2048297|10|4|2|False
2056326|1|500020|20.0080|20.0080|24.9900|500.0000|0.0000|0.0000|2048299|17|6|5|False
2056327|1|500028|3.6720|3.6720|27.2300|100.0000|0.0000|0.0000|2048303|8|3|3|False
2056328|1|500018|2.1820|2.1820|27.5000|60.0000|0.0000|0.0000|2048301|7|3|2|False
2056329|1|500018|6.5470|6.5470|27.5000|180.0000|0.0000|0.0000|2048304|7|3|2|False
2056330|1|500018|3.6360|3.6360|27.5000|100.0000|0.0000|0.0000|2048289|4|2|2|False
2056331|1|500028|1.8360|1.8360|27.2300|50.0000|0.0000|0.0000|2048305|5|2|3|False
2056332|1|500028|18.3620|18.3620|27.2300|500.0000|0.0000|0.0000|2048300|5|2|3|False
2056333|1|500031|16.8360|16.8360|25.5400|430.0000|0.0000|0.0000|2048302|12|4|1|False
2056334|1|500028|2.6440|2.6440|27.2300|72.0000|0.0000|0.0000|2048306|8|3|3|False
2056335|1|500018|2.1820|2.1820|27.5000|60.0000|0.0000|0.0000|2048307|7|3|2|False
2056336|1|500028|2.2030|2.2030|27.2300|60.0000|0.0000|0.0000|2048308|5|2|3|False
2056337|1|500028|3.3050|3.3050|27.2300|90.0000|0.0000|0.0000|2048309|8|3|3|False
2056338|1|500028|1.8360|1.8360|27.2300|50.0000|0.0000|0.0000|2048310|8|3|3|False
2056339|1|500018|25.8220|25.8220|27.5000|710.1000|0.0000|0.0000|2048311|4|2|2|False
2056340|1|500018|2.0000|2.0000|27.5000|55.0000|0.0000|0.0000|2048312|7|3|2|False
2056341|1|500020|32.0130|32.0130|24.9900|800.0000|0.0000|0.0000|2048313|17|6|5|False
2056342|1|500018|3.6360|3.6360|27.5000|100.0000|0.0000|0.0000|2048314|7|3|2|False
2056343|1|500028|2.2030|2.2030|27.2300|60.0000|0.0000|0.0000|2048316|8|3|3|False
2056344|1|500018|10.9090|10.9090|27.5000|300.0000|0.0000|0.0000|2048317|10|4|2|False
2056345|1|500028|2.9380|2.9380|27.2300|80.0000|0.0000|0.0000|2048319|8|3|3|False
2056346|1|500031|37.9830|37.9830|25.5400|970.1000|0.0000|0.0000|2048320|3|1|1|False
2056347|1|500031|11.7460|11.7460|25.5400|300.0000|0.0000|0.0000|2048315|6|2|1|False
2056348|1|500028|3.6720|3.6720|27.2300|100.0000|0.0000|0.0000|2048318|5|2|3|False
2056349|1|500020|34.4140|34.4140|24.9900|860.0000|0.0000|0.0000|2048321|17|6|5|False
2056350|1|500018|2.1820|2.1820|27.5000|60.0000|0.0000|0.0000|2048324|4|2|2|False
2056351|1|500018|2.1820|2.1820|27.5000|60.0000|0.0000|0.0000|2048323|7|3|2|False
2056352|1|500018|2.5450|2.5450|27.5000|70.0000|0.0000|0.0000|2048322|7|3|2|False
2056353|1|500028|3.6720|3.6720|27.2300|100.0000|0.0000|0.0000|2048325|8|3|3|False
2056354|1|500031|19.5770|19.5770|25.5400|500.0000|0.0000|0.0000|2048326|12|4|1|False
2056355|1|500018|2.1820|2.1820|27.5000|60.0000|0.0000|0.0000|2048327|7|3|2|False
2056356|1|500018|38.1800|38.1800|27.5000|1050.0000|0.0000|0.0000|2048328|1|1|2|False
2056357|1|500028|18.3620|18.3620|27.2300|500.0000|0.0000|0.0000|2048329|5|2|3|False
2056358|1|500018|3.6360|3.6360|27.5000|100.0000|0.0000|0.0000|2048332|7|3|2|False
2056359|1|500018|3.6360|3.6360|27.5000|100.0000|0.0000|0.0000|2048333|7|3|2|False
2056360|1|500028|2.2030|2.2030|27.2300|60.0000|0.0000|0.0000|2048331|8|3|3|False
2056361|1|500018|2.5440|2.5440|27.5000|70.0000|0.0000|0.0000|2048334|7|3|2|False
2056362|1|500031|27.4080|27.4080|25.5400|700.0000|0.0000|0.0000|2048330|15|5|1|False
2056363|1|500018|2.1820|2.1820|27.5000|60.0000|0.0000|0.0000|2048335|7|3|2|False
2056364|1|500028|2.9380|2.9380|27.2300|80.0000|0.0000|0.0000|2048338|8|3|3|False
2056365|1|500028|29.3790|29.3790|27.2300|800.0000|0.0000|0.0000|2048336|11|4|3|False
2056366|1|500028|33.0520|33.0520|27.2300|900.0000|0.0000|0.0000|2048339|5|2|3|False
2056367|1|500020|36.0140|36.0140|24.9900|900.0000|0.0000|0.0000|2048340|17|6|5|False
2056368|1|500028|1.8360|1.8360|27.2300|50.0000|0.0000|0.0000|2048341|8|3|3|False
2056369|1|500018|3.4550|3.4550|27.5000|95.0000|0.0000|0.0000|2048342|7|3|2|False
2056370|1|500028|2.5710|2.5710|27.2300|70.0000|0.0000|0.0000|2048337|2|1|3|False
2056371|1|500028|1.8360|1.8360|27.2300|50.0000|0.0000|0.0000|2048343|8|3|3|False
2056372|1|500018|3.6360|3.6360|27.5000|100.0000|0.0000|0.0000|2048344|7|3|2|False
2056373|1|500018|2.9090|2.9090|27.5000|80.0000|0.0000|0.0000|2048346|7|3|2|False
2056374|1|500018|2.9110|2.9110|27.5000|80.1000|0.0000|0.0000|2048347|10|4|2|False
2056375|1|500028|29.3790|29.3790|27.2300|800.0000|0.0000|0.0000|2048348|5|2|3|False
2056376|1|500020|50.4210|50.4210|24.9900|1260.0000|0.0000|0.0000|2048349|17|6|5|False
2056377|1|500018|18.1820|18.1820|27.5000|500.0000|0.0000|0.0000|2048352|1|1|2|False
2056377|2|500018|18.1820|18.1820|27.5000|500.0000|0.0000|0.0000|2048345|1|1|2|False
2056378|1|500018|1.8180|1.8180|27.5000|50.0000|0.0000|0.0000|2048350|7|3|2|False
2056379|1|500028|2.3860|2.3860|27.2300|65.0000|0.0000|0.0000|2048353|8|3|3|False
2056380|1|500018|1.8180|1.8180|27.5000|50.0000|0.0000|0.0000|2048351|7|3|2|False
2056381|1|500028|11.0170|11.0170|27.2300|300.0000|0.0000|0.0000|2048354|5|2|3|False
2056382|1|500028|3.6730|3.6730|27.2300|100.0000|0.0000|0.0000|2048356|11|4|3|False
2056383|1|500020|28.0110|28.0110|24.9900|700.0000|0.0000|0.0000|2048355|17|6|5|False
2056384|1|500018|3.6440|3.6440|27.5000|100.2000|0.0000|0.0000|2048357|10|4|2|False
2056385|1|500031|41.5030|41.5030|25.5400|1060.0000|0.0000|0.0000|2048358|6|2|1|False
2056386|1|500018|1.8180|1.8180|27.5000|50.0000|0.0000|0.0000|2048359|10|4|2|False
2056387|1|500028|18.3620|18.3620|27.2300|500.0000|0.0000|0.0000|2048360|5|2|3|False
2056388|1|500018|32.7280|32.7280|27.5000|900.0000|0.0000|0.0000|2048361|1|1|2|False
2056389|1|500018|2.9110|2.9110|27.5000|80.1000|0.0000|0.0000|2048362|10|4|2|False
2056390|1|500020|55.6210|55.6210|24.9900|1390.0000|0.0000|0.0000|2048363|14|5|5|False
2056391|1|500031|9.7890|9.7890|25.5400|250.0000|0.0000|0.0000|2048364|6|2|1|False
2056392|1|500018|3.6360|3.6360|27.5000|100.0000|0.0000|0.0000|2048366|7|3|2|False
2056393|1|500018|4.3620|4.3620|27.5000|120.0000|0.0000|0.0000|2048365|7|3|2|False
2056394|1|500028|3.3090|3.3090|27.2300|90.1000|0.0000|0.0000|2048368|11|4|3|False
2056395|1|500031|39.1540|39.1540|25.5400|1000.0000|0.0000|0.0000|2048367|18|6|1|False
2056396|1|404065|1.0000|1.0000|95.0000|95.0000|0.0000|0.0000|||||False
2056397|1|500018|10.9090|10.9090|27.5000|300.0000|0.0000|0.0000|2048370|4|2|2|False
2056398|1|500028|1.4690|1.4690|27.2300|40.0000|0.0000|0.0000|2048369|8|3|3|False
2056399|1|500028|4.0380|4.0380|27.2300|110.0000|0.0000|0.0000|2048371|8|3|3|False
2056400|1|500018|3.1650|3.1650|27.5000|87.0000|0.0000|0.0000|2048372|7|3|2|False
2056401|1|500018|2.1820|2.1820|27.5000|60.0000|0.0000|0.0000|2048373|7|3|2|False
2056402|1|500028|3.1200|3.1200|27.2300|85.0000|0.0000|0.0000|2048375|8|3|3|False
2056403|1|500028|8.0790|8.0790|27.2300|220.0000|0.0000|0.0000|2048374|11|4|3|False
2056404|1|500018|37.8180|37.8180|27.5000|1040.0000|0.0000|0.0000|2048377|4|2|2|False
2056405|1|500028|3.6720|3.6720|27.2300|100.0000|0.0000|0.0000|2048376|2|1|3|False
2056406|1|500028|2.2030|2.2030|27.2300|60.0000|0.0000|0.0000|2048378|8|3|3|False
2056407|1|500018|3.6360|3.6360|27.5000|100.0000|0.0000|0.0000|2048379|1|1|2|False
2056408|1|500031|39.1540|39.1540|25.5400|1000.0000|0.0000|0.0000|2048381|12|4|1|False
2056409|1|500028|3.6720|3.6720|27.2300|100.0000|0.0000|0.0000|2048383|8|3|3|False
2056410|1|500018|3.6360|3.6360|27.5000|100.0000|0.0000|0.0000|2048384|7|3|2|False
2056411|1|500018|2.9090|2.9090|27.5000|80.0000|0.0000|0.0000|2048380|7|3|2|False
2056412|1|500031|11.7460|11.7460|25.5400|300.0000|0.0000|0.0000|2048382|3|1|1|False
2056413|1|500028|2.2030|2.2030|27.2300|60.0000|0.0000|0.0000|2048385|8|3|3|False
2056414|1|500018|2.7330|2.7330|27.5000|75.2000|0.0000|0.0000|2048386|7|3|2|False
2056415|1|500028|3.6720|3.6720|27.2300|100.0000|0.0000|0.0000|2048387|5|2|3|False
2056416|1|404065|1.0000|1.0000|95.0000|95.0000|0.0000|0.0000|||||False
2056417|1|500018|2.4720|2.4720|27.5000|68.0000|0.0000|0.0000|2048388|10|4|2|False
2056418|1|500028|3.6060|3.6060|27.2300|98.2000|0.0000|0.0000|2048389|8|3|3|False
2056419|1|501304|58.8660|58.8660|28.5400|1680.0000|0.0000|0.0000|2048390|16|6|4|False
2056420|1|500018|2.5450|2.5450|27.5000|70.0000|0.0000|0.0000|2048392|10|4|2|False
2056421|1|500018|2.1820|2.1820|27.5000|60.0000|0.0000|0.0000|2048391|7|3|2|False
2056422|1|500018|1.8180|1.8180|27.5000|50.0000|0.0000|0.0000|2048393|7|3|2|False
2056423|1|500020|2.4010|2.4010|24.9900|60.0000|0.0000|0.0000|2048394|14|5|5|False
2056424|1|500018|2.1820|2.1820|27.5000|60.0000|0.0000|0.0000|2048395|10|4|2|False
2056425|1|500018|2.1820|2.1820|27.5000|60.0000|0.0000|0.0000|2048396|7|3|2|False
2056426|1|500028|2.9380|2.9380|27.2300|80.0000|0.0000|0.0000|2048398|11|4|3|False
2056427|1|500018|18.1820|18.1820|27.5000|500.0000|0.0000|0.0000|2048397|4|2|2|False

